1.000000000000000888e-02 1.302805685554631054e-08
1.023411402105450785e-02 1.720081854728050530e-08
1.047370897959448710e-02 2.226852302555926144e-08
1.071891319205126036e-02 2.843489710357971489e-08
1.096985797892385817e-02 3.593095243559218943e-08
1.122667773510815925e-02 4.501953299040906131e-08
1.148951000187309335e-02 5.599440555670298636e-08
1.175849554052155188e-02 6.918298822711221874e-08
1.203377840777591912e-02 8.494816938764415681e-08
1.231550603292824730e-02 1.041576069837901741e-07
1.260382929679726427e-02 1.272896952286828309e-07
1.289890261253306969e-02 1.546272869745735079e-07
1.320088400831420650e-02 1.876401256595272571e-07
1.350993521198023961e-02 2.270439836138393730e-07
1.382622173764658235e-02 2.734909685386810452e-07
1.414991297434575745e-02 3.295185706519987434e-07
1.448118227674533021e-02 3.950394784624222666e-07
1.482020705798858806e-02 4.734943104267586023e-07
1.516716888470920344e-02 5.657434485328849405e-07
1.552225357427045038e-02 6.737104740750510246e-07
1.588565129428054501e-02 8.027268449950497597e-07
1.625755666443795544e-02 9.529808266961481422e-07
1.663816886076130430e-02 1.127991254179505631e-06
1.702769172225898631e-02 1.334688477072631940e-06
1.742633386009651009e-02 1.576531303726369515e-06
1.783430876931907383e-02 1.857842562458245084e-06
1.825183494319043698e-02 2.184826826123753563e-06
1.867913599020781801e-02 2.564538135629845783e-06
1.911644075385704467e-02 3.004942755069350824e-06
1.956398343517062877e-02 3.514969193929573521e-06
2.002200371815582303e-02 4.104535491933347657e-06
2.049074689815849615e-02 4.784571046911878511e-06
2.097046401323232612e-02 5.566997515416005626e-06
2.146141197858403293e-02 6.464704256359254941e-06
2.196385372416548298e-02 7.494510555261513218e-06
2.247805833548727206e-02 8.685159173182910308e-06
2.300430119772917115e-02 1.004208706945064478e-05
2.354286414322420695e-02 1.158237910203752108e-05
2.409403560239525843e-02 1.335600472884834744e-05
2.465811075822604836e-02 1.536762238174560480e-05
2.523539170434768719e-02 1.765139359122258611e-05
2.582618760682675596e-02 2.025530602622893639e-05
2.643081486974108163e-02 2.319618533874745481e-05
2.704959730463135648e-02 2.653187266332679428e-05
2.768286630392063907e-02 3.030934158232412301e-05
2.833096101839321923e-02 3.454485931797535159e-05
2.899422853882877016e-02 3.935781887776101939e-05
2.967302408188871032e-02 4.476921503737685271e-05
3.036771118035458406e-02 5.083601035948959179e-05
3.107866187782015732e-02 5.763608032793854363e-05
3.180625692794120107e-02 6.526297283926396631e-05
3.255088599835059826e-02 7.383451747955405153e-05
3.331294787934674373e-02 8.341119200849789195e-05
3.409285069746809116e-02 9.409929180037579499e-05
3.489101213406775592e-02 1.060125764524855185e-04
3.570785964900463627e-02 1.192718550555582624e-04
3.654383070957256674e-02 1.340479507234704215e-04
3.739937302478796299e-02 1.505026307313528378e-04
3.827494478516313414e-02 1.687499975560058374e-04
3.917101490809260511e-02 1.889391392069228459e-04
4.008806328898467664e-02 2.112219331138476264e-04
4.102658105827189372e-02 2.360412404414091725e-04
4.198707084443908943e-02 2.633716853779333178e-04
4.297004704320839252e-02 2.934475828624272253e-04
4.397603609302719319e-02 3.267799661443859804e-04
4.500557675700495031e-02 3.632406810538668651e-04
4.605922041145105172e-02 4.036180321236315649e-04
4.713753134116721588e-02 4.477634788599971216e-04
4.824108704165369632e-02 4.962922462254937273e-04
4.937047852839004936e-02 5.495768814398616087e-04
5.052631065335677629e-02 6.077573348193254787e-04
5.170920242896759333e-02 6.714027899761276785e-04
5.291978735958441371e-02 7.412321897390938830e-04
5.415871378079467613e-02 8.173907649506872986e-04
5.542664520663104222e-02 9.004184162222372834e-04
5.672426068491975837e-02 9.908874385473609436e-04
5.805225516094897342e-02 1.089400818727881415e-03
5.941133984965035753e-02 1.196590524614293827e-03
6.080224261649425088e-02 1.313115664288488915e-03
6.222570836730229038e-02 1.439660529740649508e-03
6.368249944718584743e-02 1.576932786065299297e-03
6.517339604882421700e-02 1.725661908949405188e-03
6.669919663030121626e-02 1.886597892280406086e-03
6.826071834272390282e-02 2.061200868865853408e-03
6.985879746785250699e-02 2.250115715014544548e-03
7.149428986597577973e-02 2.453875291848817142e-03
7.316807143427195292e-02 2.673639129625371424e-03
7.488103857590022727e-02 2.911606074576411629e-03
7.663410868007458632e-02 3.167336603382864268e-03
7.842822061337678674e-02 3.443295807755930582e-03
8.026433522257175879e-02 3.740215167908900185e-03
8.214343584919425734e-02 4.059504028646188090e-03
8.406652885618320914e-02 4.402917343668377725e-03
8.603464416684508675e-02 4.771772452386358054e-03
8.804883581643468959e-02 5.167392897874378832e-03
9.011018251665020573e-02 5.592650429662171518e-03
9.221978823334325837e-02 6.047384522844367893e-03
9.437878277775385572e-02 6.535701112170499982e-03
9.658832241158704646e-02 7.058432549911231035e-03
9.884959046625590995e-02 7.617008477154740831e-03
1.011637979766207285e-01 8.214565911202953430e-03
1.035321843295661792e-01 8.854269876337639289e-03
1.059560179277616032e-01 9.537121200537512777e-03
1.084365968689610660e-01 1.026582541317111463e-02
1.109752496412072520e-01 1.104321002685537678e-02
1.135733358343105626e-01 1.187221063401011634e-02
1.162322468679852228e-01 1.275585306620996562e-02
1.189534067370319748e-01 1.369722397021178040e-02
1.217382727739661497e-01 1.469944103109810385e-02
1.245883364295007900e-01 1.576561013507671305e-02
1.275051240713013789e-01 1.689877948911089334e-02
1.304901978014401664e-01 1.810251980759858270e-02
1.335451562929898528e-01 1.938374988594659953e-02
1.366716356462006066e-01 2.074167588989439537e-02
1.398713102647238249e-01 2.218311434216957423e-02
1.431458937523479302e-01 2.371095648095433717e-02
1.464971398307285955e-01 2.533092541716541746e-02
1.499268432786045602e-01 2.704403030702451360e-02
1.534368408930011918e-01 2.885905068205829593e-02
1.570290124729377124e-01 3.077877848454591003e-02
1.607052818261638927e-01 3.280668714478451875e-02
1.644676177994663369e-01 3.494773446846011211e-02
1.683180353330956947e-01 3.720656710856928839e-02
1.722585965398786834e-01 3.958742103577606031e-02
1.762914118095947891e-01 4.209401643538512872e-02
1.804186409392072865e-01 4.473176758938279818e-02
1.846424942895543153e-01 4.750712886334440554e-02
1.889652339691209604e-01 5.041776516236495809e-02
1.933891750455230540e-01 5.347100090557432850e-02
1.979166867853557332e-01 5.666926983349185321e-02
2.025501939230667792e-01 6.001410534418027964e-02
2.072921779595370828e-01 6.350588106533905375e-02
2.121451784910630134e-01 6.715199315976860817e-02
2.171117945694504558e-01 7.094527386698246119e-02
2.221946860939523760e-01 7.488653549853552249e-02
2.273965752357928749e-01 7.898152650659540086e-02
2.327202478960408993e-01 8.322352898585450021e-02
2.381685551976158721e-01 8.760892566760958289e-02
2.437444150122220488e-01 9.213451475488909637e-02
2.494508135230316115e-01 9.679616378116406850e-02
2.552908068239517214e-01 1.015888796023318719e-01
2.612675225563328429e-01 1.065069099317952350e-01
2.673841615839946395e-01 1.115438481115234026e-01
2.736439997074670560e-01 1.166927511544599838e-01
2.800503894183630771e-01 1.219462800577275630e-01
2.866067616948251850e-01 1.272968083808336814e-01
2.933166278390043069e-01 1.327365717047541693e-01
3.001835813575589040e-01 1.382577548797598865e-01
3.072112998861757371e-01 1.438526461456604011e-01
3.144035471591500319e-01 1.495146525517156988e-01
3.217641750250737620e-01 1.552360235923515575e-01
3.292971255097150718e-01 1.610093398044227797e-01
3.370064329271928449e-01 1.668279799928313878e-01
3.448962260405757374e-01 1.726857232847578416e-01
3.529707302730649698e-01 1.785767924206993484e-01
3.612342699709432670e-01 1.844958493234116759e-01
3.696912707195028625e-01 1.904380219825725362e-01
3.783462617131929107e-01 1.963988711245292507e-01
3.872038781812555119e-01 2.023743942559121933e-01
3.962688638701477584e-01 2.083609985179464275e-01
4.055460735840829556e-01 2.143554726267211663e-01
4.150404757850477133e-01 2.203549616774580500e-01
4.247571552536897888e-01 2.263569350602665509e-01
4.347013158125024312e-01 2.323591635126831534e-01
4.448782831127585102e-01 2.383596804816079384e-01
4.552935074866950038e-01 2.443567665254704480e-01
4.659525668664681874e-01 2.503489159112177731e-01
4.768611697714469355e-01 2.563348147727992909e-01
4.880251583654431902e-01 2.623133249912825704e-01
4.994505115855139565e-01 2.682834518941490387e-01
5.111433483440166459e-01 2.742443485217336274e-01
5.231099308056263997e-01 2.801952884078673378e-01
5.353566677410723784e-01 2.861356290918593004e-01
5.478901179593942405e-01 2.920663094723749964e-01
5.607169938205458504e-01 2.979866420796497550e-01
5.738441648302394782e-01 3.038950974582803610e-01
5.872786613189482363e-01 3.097913453061664768e-01
6.010276782070380630e-01 3.156751068131598004e-01
6.150985788580500824e-01 3.215461554405010247e-01
6.294988990221888070e-01 3.274043069200160971e-01
6.442363508721373755e-01 3.332494192432022828e-01
6.593188271333547679e-01 3.390813767869076401e-01
6.747544053110692275e-01 3.449001151743686933e-01
6.905513520162327445e-01 3.507055440054500650e-01
7.067181273927489737e-01 3.564989363544555090e-01
7.232633896483535718e-01 3.622794833813713922e-01
7.401959996915643547e-01 3.680463173182033643e-01
7.575250258771912826e-01 3.737993653116973292e-01
7.752597488629460187e-01 3.795385602775240841e-01
7.934096665797492065e-01 3.852638021958227910e-01
8.119844993184013315e-01 3.909749938852655760e-01
8.309941949353394364e-01 3.966719804370768543e-01
8.504489341802676794e-01 4.023546016410364246e-01
8.703591361485161215e-01 4.080226381488500920e-01
8.907354638610438524e-01 4.136758151212234225e-01
9.115888299750822821e-01 4.193148620393003512e-01
9.329304026284686024e-01 4.249406260273644875e-01
9.547716114208060212e-01 4.305509965029159503e-01
9.771241535346495422e-01 4.361454660870549560e-01
1.000000000000000000e+00 4.417234292409375485e-01
