9.999999999999995004e-03 9.771349596121581271e-06
1.023411402105453560e-02 1.083610777641297318e-05
1.047370897959450098e-02 1.200340420837164856e-05
1.071891319205127424e-02 1.328051484961179085e-05
1.096985797892383041e-02 1.467587799197644927e-05
1.122667773510813150e-02 1.620739612917532213e-05
1.148951000187309335e-02 1.788586041584494524e-05
1.175849554052156576e-02 1.970280709429061972e-05
1.203377840777589136e-02 2.170522611777414568e-05
1.231550603292826118e-02 2.387236463619046845e-05
1.260382929679727815e-02 2.622806687213596888e-05
1.289890261253308357e-02 2.880459260268253274e-05
1.320088400831417874e-02 3.159897869409178384e-05
1.350993521198026737e-02 3.464222254478954710e-05
1.382622173764655460e-02 3.794855592786916532e-05
1.414991297434575745e-02 4.151545954300672747e-05
1.448118227674534408e-02 4.539578048934345134e-05
1.482020705798858806e-02 4.957123428539489396e-05
1.516716888470923119e-02 5.411241954789147712e-05
1.552225357427046426e-02 5.901562644794466905e-05
1.588565129428053113e-02 6.430106213883846067e-05
1.625755666443794156e-02 7.000609048191108741e-05
1.663816886076129042e-02 7.617925575686967932e-05
1.702769172225900018e-02 8.278406812678440474e-05
1.742633386009649621e-02 8.994570862341788597e-05
1.783430876931908771e-02 9.762410309122060426e-05
1.825183494319043698e-02 1.058744651345477905e-04
1.867913599020783189e-02 1.147382795352314133e-04
1.911644075385701691e-02 1.242373978129762691e-04
1.956398343517064264e-02 1.344335673820751254e-04
2.002200371815583690e-02 1.453642021260748152e-04
2.049074689815846839e-02 1.570829649608640466e-04
2.097046401323232612e-02 1.696077583801525179e-04
2.146141197858403293e-02 1.830016831263492350e-04
2.196385372416545523e-02 1.972990999092871789e-04
2.247805833548725818e-02 2.125735441040887963e-04
2.300430119772918502e-02 2.288918281010410283e-04
2.354286414322417920e-02 2.462980260133917909e-04
2.409403560239524456e-02 2.648293534548429307e-04
2.465811075822603449e-02 2.845692974915436935e-04
2.523539170434765944e-02 3.055592437704035547e-04
2.582618760682675596e-02 3.278803637840610463e-04
2.643081486974105387e-02 3.516406118251325097e-04
2.704959730463134260e-02 3.768805640902428422e-04
2.768286630392066683e-02 4.036510495097900275e-04
2.833096101839323311e-02 4.320502116570423823e-04
2.899422853882877016e-02 4.621182692972070072e-04
2.967302408188869645e-02 4.940370986332709435e-04
3.036771118035457018e-02 5.277684472275723238e-04
3.107866187782014344e-02 5.635564016301941592e-04
3.180625692794118720e-02 6.013575407450844068e-04
3.255088599835058438e-02 6.412796587937918957e-04
3.331294787934672985e-02 6.834109267401800025e-04
3.409285069746810504e-02 7.280471313606540207e-04
3.489101213406774205e-02 7.749755018267023843e-04
3.570785964900462239e-02 8.244778196058177855e-04
3.654383070957256674e-02 8.767080639699997846e-04
3.739937302478797687e-02 9.316615073657885659e-04
3.827494478516312026e-02 9.896605965877824929e-04
3.917101490809260511e-02 1.050533347097371006e-03
4.008806328898464888e-02 1.114595919261773815e-03
4.102658105827192148e-02 1.181797114895744016e-03
4.198707084443910331e-02 1.252413281235931208e-03
4.297004704320837865e-02 1.326637975125777302e-03
4.397603609302720706e-02 1.404557980549725471e-03
4.500557675700499194e-02 1.486138494783517672e-03
4.605922041145106560e-02 1.571674862589134136e-03
4.713753134116725751e-02 1.661141557178780204e-03
4.824108704165368244e-02 1.755063417931523873e-03
4.937047852839003548e-02 1.853246008522546617e-03
5.052631065335679017e-02 1.955861550868576160e-03
5.170920242896757946e-02 2.063106469449849101e-03
5.291978735958442759e-02 2.175462501782021718e-03
5.415871378079471776e-02 2.292364816184999654e-03
5.542664520663108385e-02 2.414869480617198860e-03
5.672426068491977225e-02 2.542434642691659974e-03
5.805225516094898730e-02 2.675432120213372400e-03
5.941133984965034365e-02 2.814138333178561879e-03
6.080224261649423700e-02 2.958723063329671277e-03
6.222570836730230426e-02 3.109241690708586248e-03
6.368249944718586131e-02 3.265622910930687794e-03
6.517339604882423088e-02 3.428986574817827204e-03
6.669919663030120238e-02 3.598179127493494889e-03
6.826071834272388894e-02 3.774838944536895724e-03
6.985879746785249311e-02 3.958092521770595340e-03
7.149428986597576585e-02 4.148339500261499779e-03
7.316807143427193905e-02 4.345908673258236377e-03
7.488103857590021339e-02 4.551060502762993565e-03
7.663410868007457244e-02 4.763949844800663413e-03
7.842822061337682837e-02 4.984662454717181390e-03
8.026433522257174491e-02 5.213187070239655441e-03
8.214343584919424346e-02 5.450380432648671558e-03
8.406652885618325077e-02 5.696144885860121576e-03
8.603464416684504512e-02 5.950123083039215999e-03
8.804883581643464796e-02 6.213705358732113382e-03
9.011018251665019185e-02 6.485972567588760285e-03
9.221978823334327224e-02 6.767503733044577530e-03
9.437878277775381408e-02 7.059206820940744365e-03
9.658832241158703258e-02 7.360246032931172522e-03
9.884959046625586832e-02 7.671002385450265137e-03
1.011637979766207146e-01 7.992340754299220862e-03
1.035321843295662209e-01 8.324471848482062342e-03
1.059560179277615893e-01 8.667141862588323420e-03
1.084365968689610521e-01 9.020637716730561806e-03
1.109752496412072104e-01 9.385215742895525182e-03
1.135733358343105209e-01 9.761134060227050213e-03
1.162322468679852366e-01 1.014865199294945342e-02
1.189534067370319609e-01 1.054799110306703369e-02
1.217382727739661358e-01 1.095940805726058898e-02
1.245883364295008316e-01 1.138312572447830462e-02
1.275051240713013789e-01 1.181935899558084202e-02
1.304901978014402220e-01 1.226832144175205030e-02
1.335451562929899083e-01 1.273026849457892240e-02
1.366716356462006621e-01 1.320607501884296653e-02
1.398713102647238804e-01 1.369546075375183136e-02
1.431458937523479302e-01 1.419854420282717911e-02
1.464971398307285955e-01 1.471547619576085708e-02
1.499268432786045602e-01 1.524635647410832462e-02
1.534368408930012473e-01 1.579122374141661567e-02
1.570290124729377679e-01 1.635225829204500769e-02
1.607052818261639482e-01 1.692798624708302668e-02
1.644676177994663924e-01 1.751782690053005354e-02
1.683180353330956947e-01 1.812475884571540519e-02
1.722585965398786834e-01 1.874643422843291773e-02
1.762914118095947891e-01 1.938476254008492106e-02
1.804186409392072865e-01 2.003838145310510299e-02
1.846424942895543708e-01 2.071010732788636233e-02
1.889652339691209604e-01 2.139750983360499959e-02
1.933891750455231096e-01 2.210143394813712803e-02
1.979166867853557332e-01 2.282374673222875572e-02
2.025501939230667792e-01 2.356369222934517893e-02
2.072921779595370828e-01 2.432116952650176245e-02
2.121451784910630134e-01 2.509638946548875538e-02
2.171117945694504558e-01 2.589051333461611648e-02
2.221946860939523760e-01 2.670397714564387570e-02
2.273965752357928749e-01 2.753535410329277511e-02
2.327202478960408438e-01 2.838559280598929035e-02
2.381685551976158166e-01 2.925622294014829095e-02
2.437444150122220488e-01 3.014609112824473414e-02
2.494508135230316670e-01 3.105482784985724720e-02
2.552908068239517769e-01 3.198499688687661546e-02
2.612675225563327874e-01 3.293575946418059175e-02
2.673841615839946395e-01 3.390674684715122567e-02
2.736439997074670560e-01 3.489870585099197342e-02
2.800503894183630771e-01 3.591342160370913916e-02
2.866067616948251850e-01 3.694845005838942598e-02
2.933166278390043624e-01 3.800507744244896458e-02
3.001835813575589040e-01 3.908396721135432017e-02
3.072112998861757371e-01 4.018609632430525380e-02
3.144035471591500319e-01 4.131008128524626954e-02
3.217641750250737065e-01 4.245695689905915060e-02
3.292971255097151273e-01 4.362711309704536689e-02
3.370064329271928449e-01 4.482020977638967452e-02
3.448962260405757929e-01 4.603637335776511463e-02
3.529707302730650254e-01 4.727891014726992580e-02
3.612342699709432114e-01 4.854345964804451796e-02
3.696912707195028069e-01 4.983265844703055336e-02
3.783462617131929107e-01 5.114802118851002888e-02
3.872038781812555119e-01 5.248759119467649725e-02
3.962688638701478139e-01 5.385149471521799569e-02
4.055460735840829556e-01 5.524330836533408728e-02
4.150404757850476578e-01 5.665994855689859833e-02
4.247571552536898998e-01 5.810187873385075363e-02
4.347013158125024312e-01 5.956963659218672547e-02
4.448782831127585102e-01 6.106602024965468445e-02
4.552935074866950038e-01 6.258832471166897449e-02
4.659525668664681874e-01 6.413695204582836595e-02
4.768611697714469355e-01 6.571337304239932564e-02
4.880251583654431902e-01 6.731926543807276175e-02
4.994505115855140676e-01 6.894947262253481313e-02
5.111433483440167569e-01 7.061129320436521084e-02
5.231099308056263997e-01 7.230070783361952635e-02
5.353566677410723784e-01 7.401823788904948742e-02
5.478901179593942405e-01 7.576434023258116213e-02
5.607169938205458504e-01 7.753803930563663016e-02
5.738441648302395892e-01 7.934500813325939816e-02
5.872786613189482363e-01 8.117798386092545115e-02
6.010276782070381740e-01 8.304439098674265551e-02
6.150985788580500824e-01 8.493923649302814738e-02
6.294988990221888070e-01 8.686436471953129512e-02
6.442363508721373755e-01 8.882011305695414194e-02
6.593188271333548789e-01 9.080517702795987134e-02
6.747544053110693385e-01 9.282401470818513189e-02
6.905513520162327445e-01 9.487205871892001596e-02
7.067181273927490848e-01 9.695440196219351492e-02
7.232633896483536828e-01 9.906691955484348000e-02
7.401959996915644657e-01 1.012114840273170557e-01
7.575250258771912826e-01 1.033882875885865360e-01
7.752597488629460187e-01 1.055957060984837881e-01
7.934096665797492065e-01 1.078390751085862576e-01
8.119844993184013315e-01 1.101125258560387010e-01
8.309941949353395474e-01 1.124225599510282336e-01
8.504489341802676794e-01 1.147640029716967547e-01
8.703591361485161215e-01 1.171389257347072999e-01
8.907354638610439634e-01 1.195476046136718651e-01
9.115888299750822821e-01 1.219883933667915699e-01
9.329304026284684914e-01 1.244659912649694888e-01
9.547716114208061322e-01 1.269766449399867270e-01
9.771241535346496532e-01 1.295237205927151081e-01
9.999999999999998890e-01 1.321032684995770978e-01
