1.000000000000000888e-02 1.285893631575163454e-07
1.023411402105450785e-02 1.533303475298453122e-07
1.047370897959448710e-02 1.822359081415925175e-07
1.071891319205126036e-02 2.159426912839990109e-07
1.096985797892385817e-02 2.551446414145175368e-07
1.122667773510815925e-02 3.005820872203912586e-07
1.148951000187309335e-02 3.531044967530760914e-07
1.175849554052155188e-02 4.151720531808678061e-07
1.203377840777591912e-02 4.865701157541479915e-07
1.231550603292824730e-02 5.681836228177417070e-07
1.260382929679726427e-02 6.629566087212879211e-07
1.289890261253306969e-02 7.726034709776286036e-07
1.320088400831420650e-02 8.965994311438407749e-07
1.350993521198023961e-02 1.042179519572528079e-06
1.382622173764658235e-02 1.205690296046668664e-06
1.414991297434575745e-02 1.395912931911880150e-06
1.448118227674533021e-02 1.611744210094911978e-06
1.482020705798858806e-02 1.855345090007176623e-06
1.516716888470920344e-02 2.138346189894946292e-06
1.552225357427045038e-02 2.458379185554804280e-06
1.588565129428054501e-02 2.820631834765663370e-06
1.625755666443795544e-02 3.230950369470519945e-06
1.663816886076130430e-02 3.695823124871822074e-06
1.702769172225898631e-02 4.222331426717573777e-06
1.742633386009651009e-02 4.818065917788771912e-06
1.783430876931907383e-02 5.491007414093473926e-06
1.825183494319043698e-02 6.249375019251601771e-06
1.867913599020781801e-02 7.101457867975113913e-06
1.911644075385698915e-02 8.055401394813088700e-06
1.956398343517062877e-02 9.124167718255193904e-06
2.002200371815582303e-02 1.033548824125318788e-05
2.049074689815849615e-02 1.167873006124864332e-05
2.097046401323232612e-02 1.318564727625926025e-05
2.146141197858403293e-02 1.486790233684587292e-05
2.196385372416548298e-02 1.674429449849412777e-05
2.247805833548727206e-02 1.882558035504189320e-05
2.300430119772917115e-02 2.116152563758078031e-05
2.354286414322415144e-02 2.374139467065106146e-05
2.409403560239525843e-02 2.659475603650207631e-05
2.465811075822604836e-02 2.978064685521530919e-05
2.523539170434763168e-02 3.330994559291866608e-05
2.582618760682675596e-02 3.720981703736470081e-05
2.643081486974108163e-02 4.151671464569517411e-05
2.704959730463135648e-02 4.626803229257347994e-05
2.768286630392069458e-02 5.150142942511592992e-05
2.833096101839321923e-02 5.726025710828253068e-05
2.899422853882877016e-02 6.364241517076152377e-05
2.967302408188871032e-02 7.064132614686968736e-05
3.036771118035458406e-02 7.829063406461500563e-05
3.107866187782015732e-02 8.672492140249232762e-05
3.180625692794120107e-02 9.595579422239097767e-05
3.255088599835059826e-02 1.060531735674885567e-04
3.331294787934674373e-02 1.171055723716563080e-04
3.409285069746809116e-02 1.292056672355101909e-04
3.489101213406775592e-02 1.423502349098271225e-04
3.570785964900463627e-02 1.567557214912085328e-04
3.654383070957256674e-02 1.724648323033761699e-04
3.739937302478796299e-02 1.895438413157535251e-04
3.827494478516313414e-02 2.081135148728208151e-04
3.917101490809260511e-02 2.282980817653879058e-04
4.008806328898462112e-02 2.502232341612398159e-04
4.102658105827194923e-02 2.740137083492300007e-04
4.198707084443908943e-02 2.997904625772207510e-04
4.297004704320839252e-02 3.276673328400647733e-04
4.397603609302719319e-02 3.578739128897723276e-04
4.500557675700500582e-02 3.906261422343959566e-04
4.605922041145105172e-02 4.258453659531369340e-04
4.713753134116727139e-02 4.640385573111416306e-04
4.824108704165369632e-02 5.050365439274173696e-04
4.937047852839004936e-02 5.494657793860824313e-04
5.052631065335677629e-02 5.971532341391139198e-04
5.170920242896759333e-02 6.483946922344330233e-04
5.291978735958441371e-02 7.035994826765090693e-04
5.415871378079473164e-02 7.629492279193073045e-04
5.542664520663109773e-02 8.266098388958198484e-04
5.672426068491975837e-02 8.948788586167211179e-04
5.805225516094897342e-02 9.682597433311457280e-04
5.941133984965035753e-02 1.046790228883764939e-03
6.080224261649425088e-02 1.130606047354376642e-03
6.222570836730229038e-02 1.220585558712627972e-03
6.368249944718584743e-02 1.316420846251276089e-03
6.517339604882421700e-02 1.419181589426443679e-03
6.669919663030121626e-02 1.528600092115084408e-03
6.826071834272390282e-02 1.645219510010065278e-03
6.985879746785250699e-02 1.769564635196729796e-03
7.149428986597577973e-02 1.902123967283841921e-03
7.316807143427195292e-02 2.043330819560651435e-03
7.488103857590022727e-02 2.193543546582077397e-03
7.663410868007458632e-02 2.353025973661715398e-03
7.842822061337684225e-02 2.522196743029780919e-03
8.026433522257175879e-02 2.702403427520039259e-03
8.214343584919425734e-02 2.892969825097679859e-03
8.406652885618326465e-02 3.095324059813719941e-03
8.603464416684503124e-02 3.309849647394003114e-03
8.804883581643463408e-02 3.536788172368687810e-03
9.011018251665020573e-02 3.776887791445915354e-03
9.221978823334325837e-02 4.030815636269835522e-03
9.437878277775380020e-02 4.299131755487906048e-03
9.658832241158704646e-02 4.582263708016398596e-03
9.884959046625585444e-02 4.881235924131033244e-03
1.011637979766206730e-01 5.197116201543394709e-03
1.035321843295662347e-01 5.529035526251391275e-03
1.059560179277616032e-01 5.880021903521992499e-03
1.084365968689610105e-01 6.248859981951682130e-03
1.109752496412071965e-01 6.636506299855682300e-03
1.135733358343105071e-01 7.044736605621437775e-03
1.162322468679852228e-01 7.473950382063776487e-03
1.189534067370319192e-01 7.924537872440851061e-03
1.217382727739661497e-01 8.397248086566833081e-03
1.245883364295008455e-01 8.893984836049639853e-03
1.275051240713013234e-01 9.414925003056850983e-03
1.304901978014402220e-01 9.960046821561263641e-03
1.335451562929899083e-01 1.053101758452612557e-02
1.366716356462006621e-01 1.112934751972716185e-02
1.398713102647238804e-01 1.175460765125535545e-02
1.431458937523479302e-01 1.240827538958910736e-02
1.464971398307285400e-01 1.309244874346404686e-02
1.499268432786045602e-01 1.380617826862362563e-02
1.534368408930012473e-01 1.455086744272193755e-02
1.570290124729377679e-01 1.532781701052954304e-02
1.607052818261639482e-01 1.613820440297786263e-02
1.644676177994663924e-01 1.698306400840010610e-02
1.683180353330956391e-01 1.786327302261270233e-02
1.722585965398786279e-01 1.877953954635813716e-02
1.762914118095947891e-01 1.973239349672439857e-02
1.804186409392072310e-01 2.072218196144604008e-02
1.846424942895543708e-01 2.175287949148696498e-02
1.889652339691209604e-01 2.282330952539268765e-02
1.933891750455231096e-01 2.393248042017148691e-02
1.979166867853557332e-01 2.508718021044842317e-02
2.025501939230667237e-01 2.628091794622378075e-02
2.072921779595370828e-01 2.752245703823064105e-02
2.121451784910629579e-01 2.880610955935480888e-02
2.171117945694504003e-01 3.013601049724456971e-02
2.221946860939523760e-01 3.151413597106511588e-02
2.273965752357928749e-01 3.293795807667265763e-02
2.327202478960408438e-01 3.440936260130911251e-02
2.381685551976158166e-01 3.593379351650582976e-02
2.437444150122220488e-01 3.750748097036193940e-02
2.494508135230316670e-01 3.913158842669872683e-02
2.552908068239517769e-01 4.080721553373223287e-02
2.612675225563327874e-01 4.253539902356351377e-02
2.673841615839946950e-01 4.431757757856757962e-02
2.736439997074671115e-01 4.615631845035750302e-02
2.800503894183630216e-01 4.805012655970131163e-02
2.866067616948251295e-01 4.999984521555234096e-02
2.933166278390043624e-01 5.200627467411322868e-02
3.001835813575588485e-01 5.407017107017964008e-02
3.072112998861757927e-01 5.619224978318015928e-02
3.144035471591499764e-01 5.837318513431455358e-02
3.217641750250737065e-01 6.061361057572867139e-02
3.292971255097151273e-01 6.291411663414692157e-02
3.370064329271929005e-01 6.527524837429155014e-02
3.448962260405757929e-01 6.769749973000216414e-02
3.529707302730650254e-01 7.018130786082110717e-02
3.612342699709432114e-01 7.272704361503201653e-02
3.696912707195028069e-01 7.533500107865620521e-02
3.783462617131929662e-01 7.800736468061586493e-02
3.872038781812554564e-01 8.074495722894425853e-02
3.962688638701478139e-01 8.354595877926840330e-02
4.055460735840830111e-01 8.641032164223361178e-02
4.150404757850476578e-01 8.933782980284377118e-02
4.247571552536898443e-01 9.232807375929041882e-02
4.347013158125023757e-01 9.538591737100432510e-02
4.448782831127584547e-01 9.851082519753617817e-02
4.552935074866950593e-01 1.016974966992165719e-01
4.659525668664681319e-01 1.049462399382719013e-01
4.768611697714468800e-01 1.082681871343993407e-01
4.880251583654431347e-01 1.116488220864084724e-01
4.994505115855140120e-01 1.150972614809688821e-01
5.111433483440167569e-01 1.186099247684069269e-01
5.231099308056263997e-01 1.221872370083474379e-01
5.353566677410723784e-01 1.258279972021227877e-01
5.478901179593942405e-01 1.295369031663540227e-01
5.607169938205458504e-01 1.333035015618406760e-01
5.738441648302395892e-01 1.371395520504847809e-01
5.872786613189482363e-01 1.410397519543948874e-01
6.010276782070381740e-01 1.450004650564551412e-01
6.150985788580500824e-01 1.490227519930158451e-01
6.294988990221888070e-01 1.531073348764948605e-01
6.442363508721373755e-01 1.572545233862001623e-01
6.593188271333548789e-01 1.614641362307338568e-01
6.747544053110693385e-01 1.657354146241232229e-01
6.905513520162327445e-01 1.700669201950404386e-01
7.067181273927490848e-01 1.744564384202931251e-01
7.232633896483536828e-01 1.789008656073747261e-01
7.401959996915644657e-01 1.834079480418040475e-01
7.575250258771912826e-01 1.879740516210404166e-01
7.752597488629460187e-01 1.925880560597761360e-01
7.934096665797492065e-01 1.972696970756260271e-01
8.119844993184013315e-01 2.019974308109340200e-01
8.309941949353394364e-01 2.067805892106662213e-01
8.504489341802676794e-01 2.116222865784038731e-01
8.703591361485161215e-01 2.165122578658156272e-01
8.907354638610440745e-01 2.214521648534173437e-01
9.115888299750822821e-01 2.264427130799049337e-01
9.329304026284686024e-01 2.314835190704798151e-01
9.547716114208060212e-01 2.365729775769978005e-01
9.771241535346497642e-01 2.417081128410245583e-01
1.000000000000000000e+00 2.468844157388048188e-01
