0.020000 0.493724
0.260690 0.399896
0.501379 0.335939
0.742069 0.289501
0.982759 0.254434
1.223448 0.226938
1.464138 0.204827
1.704828 0.186581
1.945517 0.171313
2.186207 0.158483
2.426897 0.147333
2.667586 0.137703
2.908276 0.129182
3.148966 0.121674
3.389655 0.115022
3.630345 0.108433
3.871034 0.103618
4.111724 0.098867
4.352414 0.094369
4.593103 0.090314
4.833793 0.086639
5.074483 0.083250
5.315172 0.079987
5.555862 0.077105
5.796552 0.074380
6.037241 0.071814
6.277931 0.069502
6.518621 0.067190
6.759310 0.065194
7.000000 0.063167
